<?xml version="1.0" encoding="UTF-8"?>
<!DOCTYPE svg PUBLIC "-//W3C//DTD SVG 1.1//EN" "http://www.w3.org/Graphics/SVG/1.1/DTD/svg11.dtd">
<!-- Creator: CorelDRAW 2018 (64-Bit) -->
<svg xmlns="http://www.w3.org/2000/svg" xml:space="preserve" width="36.4897mm" height="43.6787mm" version="1.1" style="shape-rendering:geometricPrecision; text-rendering:geometricPrecision; image-rendering:optimizeQuality; fill-rule:evenodd; clip-rule:evenodd"
viewBox="0 0 1948.21 2332.04"
 xmlns:xlink="http://www.w3.org/1999/xlink">
 <defs>
  <style type="text/css">
   <![CDATA[
    .fil0 {fill:#282829}
   ]]>
  </style>
 </defs>
 <g id="Layer_x0020_1">
  <metadata id="CorelCorpID_0Corel-Layer"/>
  <path class="fil0" d="M420.17 640.01c5.78,-4.28 6.95,-5.22 8.37,-8.17 67.9,-141.25 283.83,-285.56 441.85,-296.15 324.05,-21.69 613.22,127.38 707.68,457.13 14.58,50.88 20.23,132.39 19.75,187.16 -0.39,44.07 -18.28,60.19 12.11,79.71 40.47,26.03 222.87,244.63 260.2,256.83 423.12,-1008.35 -978.83,-1825.99 -1676.22,-934.91 -0.48,0.6 -1.12,1.56 -1.62,2.13 -29.37,33.49 38.46,68.62 67.57,104.41 11.78,14.48 149.96,150.01 160.31,151.86z"/>
  <path class="fil0" d="M973.09 2332.03c142.93,-143.32 285.3,-286.01 426.76,-430.7 56.47,-56.99 355.21,-329.28 363.84,-388.71 -201.46,-208.53 -414.12,-414.74 -619.56,-620.51 -9.06,-8.12 -17.67,-22.61 -37.66,-11.04l-210.15 211.22c-12.67,13.41 -13.42,21.13 0.01,32.59 3.59,3.21 7.13,6.28 10.53,9.69 24.66,24.24 388.12,388.91 388.16,390.89 0.1,5.6 -261.98,267.23 -314.87,320.35 -21.3,19.87 -78.08,-55.03 -100.73,-76.44 -32.14,-32.32 -71.68,-65.69 -100.02,-99.97l-102.47 -103.12c-179.09,-179.76 -297.77,-281.68 -337.55,-549.25 -8.96,-60.27 4.94,-112.33 3.43,-171.54 -2.91,-9.66 -214.72,-214.51 -244.33,-250.25 -4.21,-5.09 -11.78,-11.33 -21.93,-14 -62.08,93.63 -79.01,326.9 -76.3,446.05 0.67,29.46 17.52,165.06 28.33,195.01 74.31,263.23 195.47,365.45 372.31,547.75 26.07,29.83 56.43,53.93 85.19,84.7l37.65 38.76c73.48,70.26 142.1,139.95 212.84,212.94 17.88,18.45 36.58,37.94 54.65,55.96 50.23,50.79 101.76,101.94 152.59,152.09 12.5,12.92 8.13,17.65 29.26,17.52z"/>
 </g>
</svg>
